{
 "cells": [
  {
   "cell_type": "code",
   "execution_count": 110,
   "id": "25ebada8-44e7-4a72-8585-7d7d6625fb21",
   "metadata": {},
   "outputs": [],
   "source": [
    "import torch\n",
    "import torch.nn as nn"
   ]
  },
  {
   "cell_type": "code",
   "execution_count": 111,
   "id": "bd0459ff-8aa9-4d1f-85a0-0e7861c2fb17",
   "metadata": {},
   "outputs": [],
   "source": [
    "inputs = torch.tensor(\n",
    "    [\n",
    "        [0.43, 0.15, 0.89],  # Your(x^1)\n",
    "        [0.55, 0.87, 0.66],  # journey(x^2)\n",
    "        [0.57, 0.85, 0.64],  # starts(x^3)\n",
    "        [0.22, 0.58, 0.33],  # with(x^4)\n",
    "        [0.77, 0.25, 0.10],  # one(x^5)\n",
    "        [0.65, 0.80, 0.55],  # step(x^6)\n",
    "    ]\n",
    ")"
   ]
  },
  {
   "cell_type": "code",
   "execution_count": 112,
   "id": "ce9a3692-3d26-45e4-824d-aa2db7a9e3d4",
   "metadata": {},
   "outputs": [
    {
     "name": "stdout",
     "output_type": "stream",
     "text": [
      "tensor([0.9544, 1.4950, 1.4754, 0.8434, 0.7070, 1.4165])\n"
     ]
    }
   ],
   "source": [
    "query = inputs[1]\n",
    "attn_scores_2 = torch.empty(inputs.shape[0])\n",
    "for i, x_i in enumerate(inputs):\n",
    "    attn_scores_2[i] = torch.dot(x_i, query)\n",
    "print(attn_scores_2)"
   ]
  },
  {
   "cell_type": "code",
   "execution_count": 113,
   "id": "6f8f402a-6612-4c2d-82e9-1c51ed1be199",
   "metadata": {},
   "outputs": [
    {
     "name": "stdout",
     "output_type": "stream",
     "text": [
      "tensor(0.9544)\n",
      "tensor(0.9544)\n"
     ]
    }
   ],
   "source": [
    "res = 0\n",
    "for idx, element in enumerate(inputs[0]):\n",
    "    res += inputs[0][idx] * query[idx]\n",
    "print(res)\n",
    "print(torch.dot(inputs[0], query))"
   ]
  },
  {
   "cell_type": "code",
   "execution_count": 114,
   "id": "c7f44aca-ea6f-4053-a39f-f32fb33e9995",
   "metadata": {},
   "outputs": [
    {
     "name": "stdout",
     "output_type": "stream",
     "text": [
      "Attention weights: tensor([0.1385, 0.2169, 0.2141, 0.1224, 0.1026, 0.2055])\n",
      "Sum: tensor(1.0000)\n"
     ]
    }
   ],
   "source": [
    "attn_weights_2_tmp = attn_scores_2 / attn_scores_2.sum()\n",
    "print(\"Attention weights:\", attn_weights_2_tmp)\n",
    "print(\"Sum:\", attn_weights_2_tmp.sum())"
   ]
  },
  {
   "cell_type": "code",
   "execution_count": 115,
   "id": "c93a4de4-02f8-400a-a60e-20efeb0dafa7",
   "metadata": {},
   "outputs": [
    {
     "name": "stdout",
     "output_type": "stream",
     "text": [
      "Attention weights: tensor([0.1305, 0.2240, 0.2197, 0.1168, 0.1019, 0.2071])\n",
      "Sum: tensor(1.)\n"
     ]
    }
   ],
   "source": [
    "def softmax_native(x):\n",
    "    return torch.exp(x) / torch.exp(x).sum(dim=0)\n",
    "attn_weights_2_native = softmax_native(attn_scores_2)\n",
    "print(\"Attention weights:\", attn_weights_2_native)\n",
    "print(\"Sum:\", attn_weights_2_native.sum())"
   ]
  },
  {
   "cell_type": "code",
   "execution_count": 116,
   "id": "485d110d-e8af-4c14-a394-a9c2c162c87c",
   "metadata": {},
   "outputs": [
    {
     "name": "stdout",
     "output_type": "stream",
     "text": [
      "Attention weights: tensor([0.1305, 0.2240, 0.2197, 0.1168, 0.1019, 0.2071])\n",
      "Sum: tensor(1.)\n"
     ]
    }
   ],
   "source": [
    "attn_weights_2 = torch.softmax(attn_scores_2, dim=0)\n",
    "print(\"Attention weights:\", attn_weights_2)\n",
    "print(\"Sum:\", attn_weights_2.sum())"
   ]
  },
  {
   "cell_type": "code",
   "execution_count": 117,
   "id": "8c8eea91-7ae2-4e69-a5e2-f18cdb4b7ceb",
   "metadata": {},
   "outputs": [
    {
     "name": "stdout",
     "output_type": "stream",
     "text": [
      "tensor([[0.9995, 0.9544, 0.9422, 0.4753, 0.4576, 0.8890],\n",
      "        [0.9544, 1.4950, 1.4754, 0.8434, 0.7070, 1.4165],\n",
      "        [0.9422, 1.4754, 1.4570, 0.8296, 0.7154, 1.4025],\n",
      "        [0.4753, 0.8434, 0.8296, 0.4937, 0.3474, 0.7885],\n",
      "        [0.4576, 0.7070, 0.7154, 0.3474, 0.6654, 0.7555],\n",
      "        [0.8890, 1.4165, 1.4025, 0.7885, 0.7555, 1.3650]])\n"
     ]
    }
   ],
   "source": [
    "attn_scores = torch.empty(6,6)\n",
    "for i,x_i in enumerate(inputs):\n",
    "    for j,x_j in enumerate(inputs):\n",
    "        attn_scores[i,j] = torch.dot(x_i,x_j)\n",
    "print(attn_scores)"
   ]
  },
  {
   "cell_type": "code",
   "execution_count": 118,
   "id": "2926dc69-8493-4c40-b653-e04ad0149e4f",
   "metadata": {},
   "outputs": [
    {
     "name": "stdout",
     "output_type": "stream",
     "text": [
      "tensor([[0.9995, 0.9544, 0.9422, 0.4753, 0.4576, 0.8890],\n",
      "        [0.9544, 1.4950, 1.4754, 0.8434, 0.7070, 1.4165],\n",
      "        [0.9422, 1.4754, 1.4570, 0.8296, 0.7154, 1.4025],\n",
      "        [0.4753, 0.8434, 0.8296, 0.4937, 0.3474, 0.7885],\n",
      "        [0.4576, 0.7070, 0.7154, 0.3474, 0.6654, 0.7555],\n",
      "        [0.8890, 1.4165, 1.4025, 0.7885, 0.7555, 1.3650]])\n"
     ]
    }
   ],
   "source": [
    "attn_scores = inputs @ inputs.T\n",
    "print(attn_scores)"
   ]
  },
  {
   "cell_type": "code",
   "execution_count": 119,
   "id": "03a20e24-3bf4-4650-ac03-edaa43dc3479",
   "metadata": {},
   "outputs": [
    {
     "name": "stdout",
     "output_type": "stream",
     "text": [
      "tensor([[0.2012, 0.1924, 0.1900, 0.1191, 0.1170, 0.1802],\n",
      "        [0.1305, 0.2240, 0.2197, 0.1168, 0.1019, 0.2071],\n",
      "        [0.1307, 0.2227, 0.2187, 0.1168, 0.1042, 0.2071],\n",
      "        [0.1401, 0.2025, 0.1997, 0.1427, 0.1233, 0.1917],\n",
      "        [0.1418, 0.1820, 0.1835, 0.1270, 0.1746, 0.1910],\n",
      "        [0.1290, 0.2185, 0.2155, 0.1166, 0.1128, 0.2076]])\n"
     ]
    }
   ],
   "source": [
    "attn_weights = torch.softmax(attn_scores, dim=-1)\n",
    "print(attn_weights)"
   ]
  },
  {
   "cell_type": "code",
   "execution_count": 120,
   "id": "f3dd5b0f-c0c4-4342-bff6-5d55413eeba8",
   "metadata": {},
   "outputs": [
    {
     "name": "stdout",
     "output_type": "stream",
     "text": [
      "all row sums: tensor([1.0000, 1.0000, 1.0000, 1.0000, 1.0000, 1.0000])\n"
     ]
    }
   ],
   "source": [
    "print(\"all row sums:\",attn_weights.sum(dim=-1))"
   ]
  },
  {
   "cell_type": "code",
   "execution_count": 121,
   "id": "4c681d3e-fb23-4b03-ad52-94d1a39df8fe",
   "metadata": {},
   "outputs": [
    {
     "name": "stdout",
     "output_type": "stream",
     "text": [
      "torch.Size([6, 6])\n",
      "torch.Size([6, 3])\n",
      "tensor([[0.5341, 0.6016, 0.5778],\n",
      "        [0.5433, 0.6601, 0.5672],\n",
      "        [0.5438, 0.6586, 0.5660],\n",
      "        [0.5364, 0.6339, 0.5510],\n",
      "        [0.5522, 0.6058, 0.5283],\n",
      "        [0.5459, 0.6545, 0.5608]])\n"
     ]
    }
   ],
   "source": [
    "print(attn_weights.shape)\n",
    "print(inputs.shape)\n",
    "all_context_vecs = attn_weights @ inputs\n",
    "print(all_context_vecs)"
   ]
  },
  {
   "cell_type": "code",
   "execution_count": 122,
   "id": "d197fbe3-3e52-4080-a82a-2bfe47874470",
   "metadata": {},
   "outputs": [
    {
     "name": "stdout",
     "output_type": "stream",
     "text": [
      "tensor([0.4306, 1.4551])\n"
     ]
    }
   ],
   "source": [
    "x_2 = inputs[1]\n",
    "d_in = inputs.shape[1]\n",
    "d_out = 2\n",
    "torch.manual_seed(123)\n",
    "W_query = torch.nn.Parameter(torch.rand(d_in, d_out), requires_grad=False)\n",
    "W_key = torch.nn.Parameter(torch.rand(d_in, d_out), requires_grad=False)\n",
    "W_value = torch.nn.Parameter(torch.rand(d_in, d_out), requires_grad=False)\n",
    "query_2 = x_2 @ W_query\n",
    "key_2 = x_2 @ W_key\n",
    "value_2 = x_2 @ W_value\n",
    "print(query_2)"
   ]
  },
  {
   "cell_type": "code",
   "execution_count": 123,
   "id": "652302d0-285c-42f1-a216-e2639a9c205a",
   "metadata": {},
   "outputs": [
    {
     "name": "stdout",
     "output_type": "stream",
     "text": [
      "keys.shape torch.Size([6, 2])\n",
      "values.shape torch.Size([6, 2])\n",
      "scores: tensor([1.2705, 1.8524, 1.8111, 1.0795, 0.5577, 1.6687])\n"
     ]
    }
   ],
   "source": [
    "querys = inputs @ W_query\n",
    "keys = inputs @ W_key\n",
    "values = inputs @ W_value\n",
    "attn_scores_2 = querys[1] @ keys.T\n",
    "print(\"keys.shape\",keys.shape)\n",
    "print(\"values.shape\",values.shape)\n",
    "print(\"scores:\",attn_scores_2)"
   ]
  },
  {
   "cell_type": "code",
   "execution_count": 124,
   "id": "983afa82-0c9a-4271-b431-1b91d538ddd5",
   "metadata": {},
   "outputs": [
    {
     "name": "stdout",
     "output_type": "stream",
     "text": [
      "tensor([0.1475, 0.2226, 0.2162, 0.1289, 0.0891, 0.1955])\n"
     ]
    }
   ],
   "source": [
    "d_k = keys.shape[-1]\n",
    "attn_weights_2 = torch.softmax(attn_scores_2 / d_k**0.5,dim=-1)\n",
    "print(attn_weights_2)"
   ]
  },
  {
   "cell_type": "code",
   "execution_count": 125,
   "id": "0b531f0b-c207-4df9-85cd-62b963ff394e",
   "metadata": {},
   "outputs": [
    {
     "name": "stdout",
     "output_type": "stream",
     "text": [
      "tensor([0.3152, 0.8435])\n"
     ]
    }
   ],
   "source": [
    "context_vec_2 = attn_weights_2 @ values\n",
    "print(context_vec_2)"
   ]
  },
  {
   "cell_type": "code",
   "execution_count": 126,
   "id": "ab385993-c5e4-4f67-8fb6-0d0f457f5dc2",
   "metadata": {},
   "outputs": [],
   "source": [
    "class SelfAttention_v1(nn.Module):\n",
    "    def __init__(self, d_int, d_out):\n",
    "        super().__init__()\n",
    "        self.W_query = nn.Parameter(torch.rand(d_int, d_out))\n",
    "        self.W_key = nn.Parameter(torch.rand(d_int, d_out))\n",
    "        self.W_value = nn.Parameter(torch.rand(d_int, d_out))\n",
    "\n",
    "    def forward(self, x):\n",
    "        keys = x @ self.W_key\n",
    "        queries = x @ self.W_query\n",
    "        values = x @ self.W_value\n",
    "        attn_scores = queries @ keys.T\n",
    "        attn_weights = torch.softmax(attn_scores / keys.shape[-1] ** 0.5, dim=-1)\n",
    "        context_vec = attn_weights @ values\n",
    "        return context_vec"
   ]
  },
  {
   "cell_type": "code",
   "execution_count": 128,
   "id": "ffaa32d6-e0b6-4049-ab9d-dd34ae899c9b",
   "metadata": {},
   "outputs": [
    {
     "name": "stdout",
     "output_type": "stream",
     "text": [
      "tensor([[0.3084, 0.8274],\n",
      "        [0.3152, 0.8435],\n",
      "        [0.3149, 0.8428],\n",
      "        [0.3034, 0.8155],\n",
      "        [0.3012, 0.8105],\n",
      "        [0.3138, 0.8403]], grad_fn=<MmBackward0>)\n"
     ]
    }
   ],
   "source": [
    "torch.manual_seed(123)\n",
    "sa_v1 = SelfAttention_v1(d_in,d_out)\n",
    "print(sa_v1(inputs))"
   ]
  },
  {
   "cell_type": "code",
   "execution_count": 139,
   "id": "74fff247-e00e-4f1e-972a-d24833a75ec7",
   "metadata": {},
   "outputs": [],
   "source": [
    "class SelfAttention_v2(nn.Module):\n",
    "    def __init__(self, d_int, d_out, qkv_bias=False):\n",
    "        super().__init__()\n",
    "        self.W_query = nn.Linear(d_int, d_out, qkv_bias)\n",
    "        self.W_key = nn.Linear(d_int, d_out, qkv_bias)\n",
    "        self.W_value = nn.Linear(d_int, d_out, qkv_bias)\n",
    "\n",
    "    def forward(self, x):\n",
    "        keys = self.W_key(x)\n",
    "        queries = self.W_query(x)\n",
    "        values = self.W_value(x)\n",
    "        attn_scores = queries @ keys.T\n",
    "        attn_weights = torch.softmax(attn_scores / keys.shape[-1] ** 0.5, dim=-1)\n",
    "        context_vec = attn_weights @ values\n",
    "        return context_vec"
   ]
  },
  {
   "cell_type": "code",
   "execution_count": 140,
   "id": "1ce6dcd7-9263-442f-a7c7-5736a0205545",
   "metadata": {},
   "outputs": [
    {
     "name": "stdout",
     "output_type": "stream",
     "text": [
      "tensor([[-0.5825, -0.1176],\n",
      "        [-0.5820, -0.1201],\n",
      "        [-0.5820, -0.1200],\n",
      "        [-0.5792, -0.1192],\n",
      "        [-0.5803, -0.1185],\n",
      "        [-0.5819, -0.1199]], grad_fn=<MmBackward0>)\n"
     ]
    }
   ],
   "source": [
    "torch.manual_seed(123)\n",
    "sa_v2 = SelfAttention_v2(d_in,d_out)\n",
    "print(sa_v2(inputs))"
   ]
  },
  {
   "cell_type": "code",
   "execution_count": 149,
   "id": "f7458e27-884e-4bd0-ba17-dc654d8473b5",
   "metadata": {},
   "outputs": [
    {
     "name": "stdout",
     "output_type": "stream",
     "text": [
      "tensor([[0.3111, 0.3479, 0.3471, 0.1714, 0.2350, 0.3441],\n",
      "        [0.1655, 0.2602, 0.2576, 0.1445, 0.1384, 0.2505],\n",
      "        [0.1667, 0.2602, 0.2577, 0.1443, 0.1391, 0.2507],\n",
      "        [0.0510, 0.1080, 0.1064, 0.0643, 0.0476, 0.1022],\n",
      "        [0.1415, 0.1875, 0.1863, 0.0987, 0.1121, 0.1828],\n",
      "        [0.1643, 0.2554, 0.2529, 0.1414, 0.1369, 0.2461]],\n",
      "       grad_fn=<MmBackward0>)\n",
      "tensor([[0.1687, 0.1731, 0.1730, 0.1528, 0.1598, 0.1726],\n",
      "        [0.1622, 0.1734, 0.1731, 0.1598, 0.1591, 0.1723],\n",
      "        [0.1623, 0.1734, 0.1731, 0.1598, 0.1592, 0.1722],\n",
      "        [0.1633, 0.1700, 0.1698, 0.1648, 0.1629, 0.1693],\n",
      "        [0.1654, 0.1709, 0.1708, 0.1605, 0.1620, 0.1703],\n",
      "        [0.1625, 0.1733, 0.1730, 0.1598, 0.1593, 0.1721]],\n",
      "       grad_fn=<SoftmaxBackward0>)\n"
     ]
    }
   ],
   "source": [
    "queries = sa_v2.W_query(inputs)\n",
    "keys = sa_v2.W_key(inputs)\n",
    "attn_scores = queries @ keys.T\n",
    "print(attn_scores)\n",
    "attn_weights = torch.softmax(attn_scores / keys.shape[-1] ** 0.5, dim=-1)\n",
    "print(attn_weights)"
   ]
  },
  {
   "cell_type": "code",
   "execution_count": 155,
   "id": "86d3e581-df21-4b01-8a57-8520539e3fe3",
   "metadata": {},
   "outputs": [
    {
     "name": "stdout",
     "output_type": "stream",
     "text": [
      "tensor([[0.1687, 0.0000, 0.0000, 0.0000, 0.0000, 0.0000],\n",
      "        [0.1622, 0.1734, 0.0000, 0.0000, 0.0000, 0.0000],\n",
      "        [0.1623, 0.1734, 0.1731, 0.0000, 0.0000, 0.0000],\n",
      "        [0.1633, 0.1700, 0.1698, 0.1648, 0.0000, 0.0000],\n",
      "        [0.1654, 0.1709, 0.1708, 0.1605, 0.1620, 0.0000],\n",
      "        [0.1625, 0.1733, 0.1730, 0.1598, 0.1593, 0.1721]],\n",
      "       grad_fn=<MulBackward0>)\n",
      "tensor([[0.1687],\n",
      "        [0.3357],\n",
      "        [0.5088],\n",
      "        [0.6678],\n",
      "        [0.8297],\n",
      "        [1.0000]], grad_fn=<SumBackward1>)\n",
      "tensor([[1.0000, 0.0000, 0.0000, 0.0000, 0.0000, 0.0000],\n",
      "        [0.4833, 0.5167, 0.0000, 0.0000, 0.0000, 0.0000],\n",
      "        [0.3190, 0.3408, 0.3402, 0.0000, 0.0000, 0.0000],\n",
      "        [0.2445, 0.2545, 0.2542, 0.2468, 0.0000, 0.0000],\n",
      "        [0.1994, 0.2060, 0.2058, 0.1935, 0.1953, 0.0000],\n",
      "        [0.1625, 0.1733, 0.1730, 0.1598, 0.1593, 0.1721]],\n",
      "       grad_fn=<DivBackward0>)\n"
     ]
    }
   ],
   "source": [
    "masked_simple = attn_weights *torch.tril(torch.ones(attn_weights.shape))\n",
    "print(masked_simple)\n",
    "row_sums = masked_simple.sum(dim=-1, keepdim=True)\n",
    "print(row_sums)\n",
    "masked_simple_norm = masked_simple / row_sums\n",
    "print(masked_simple_norm)"
   ]
  },
  {
   "cell_type": "code",
   "execution_count": 171,
   "id": "a9a19f10-d474-4b52-b4ef-9cd1291edfd1",
   "metadata": {},
   "outputs": [
    {
     "name": "stdout",
     "output_type": "stream",
     "text": [
      "tensor([[0.3111,   -inf,   -inf,   -inf,   -inf,   -inf],\n",
      "        [0.1655, 0.2602,   -inf,   -inf,   -inf,   -inf],\n",
      "        [0.1667, 0.2602, 0.2577,   -inf,   -inf,   -inf],\n",
      "        [0.0510, 0.1080, 0.1064, 0.0643,   -inf,   -inf],\n",
      "        [0.1415, 0.1875, 0.1863, 0.0987, 0.1121,   -inf],\n",
      "        [0.1643, 0.2554, 0.2529, 0.1414, 0.1369, 0.2461]],\n",
      "       grad_fn=<MaskedFillBackward0>)\n",
      "tensor([[1.0000, 0.0000, 0.0000, 0.0000, 0.0000, 0.0000],\n",
      "        [0.4833, 0.5167, 0.0000, 0.0000, 0.0000, 0.0000],\n",
      "        [0.3190, 0.3408, 0.3402, 0.0000, 0.0000, 0.0000],\n",
      "        [0.2445, 0.2545, 0.2542, 0.2468, 0.0000, 0.0000],\n",
      "        [0.1994, 0.2060, 0.2058, 0.1935, 0.1953, 0.0000],\n",
      "        [0.1625, 0.1733, 0.1730, 0.1598, 0.1593, 0.1721]],\n",
      "       grad_fn=<SoftmaxBackward0>)\n",
      "tensor([[0.1855, 0.8812],\n",
      "        [0.2938, 0.9445],\n",
      "        [0.3258, 0.9576],\n",
      "        [0.3036, 0.8564],\n",
      "        [0.2737, 0.7564],\n",
      "        [0.2910, 0.7839]], grad_fn=<MmBackward0>)\n"
     ]
    }
   ],
   "source": [
    "mask = torch.triu(torch.ones(attn_weights.shape), diagonal=1)\n",
    "masked = attn_scores.masked_fill(mask.bool(), -torch.inf)\n",
    "print(masked)\n",
    "attn_weights = torch.softmax(masked / keys.shape[-1] ** 0.5, dim=1)\n",
    "print(attn_weights)\n",
    "context_vec = attn_weights @ values\n",
    "print(context_vec)"
   ]
  },
  {
   "cell_type": "code",
   "execution_count": 174,
   "id": "4c10345a-33c6-4894-a848-13349dd4ce8f",
   "metadata": {},
   "outputs": [
    {
     "name": "stdout",
     "output_type": "stream",
     "text": [
      "torch.Size([2, 6, 3])\n"
     ]
    }
   ],
   "source": [
    "batch = torch.stack((inputs, inputs), dim=0)\n",
    "print(batch.shape)"
   ]
  },
  {
   "cell_type": "code",
   "execution_count": 191,
   "id": "e7708737-6b3e-46c0-b8f8-4cb11a3cdb61",
   "metadata": {},
   "outputs": [],
   "source": [
    "class CausalAttention(nn.Module):\n",
    "    def __init__(self, d_in, d_out, context_length, dropout, qkv_bias=False):\n",
    "        super().__init__()\n",
    "        self.d_out = d_out\n",
    "        self.W_query = nn.Linear(d_in, d_out, bias=qkv_bias)\n",
    "        self.W_key = nn.Linear(d_in, d_out, bias=qkv_bias)\n",
    "        self.W_value = nn.Linear(d_in, d_out, bias=qkv_bias)\n",
    "        self.dropout = nn.Dropout(dropout)\n",
    "        self.register_buffer(\n",
    "            \"mask\", torch.triu(torch.ones(context_length, context_length), diagonal=1)\n",
    "        )\n",
    "\n",
    "    def forward(self, x):\n",
    "        b, num_tokens, d_in = x.shape\n",
    "        keys = self.W_key(x)\n",
    "        queries = self.W_query(x)\n",
    "        values = self.W_value(x)\n",
    "        attn_scores = queries @ keys.transpose(1, 2)\n",
    "        attn_scores.masked_fill(self.mask.bool()[:num_tokens, :num_tokens], -torch.inf)\n",
    "        attn_weights = torch.softmax(attn_scores / keys.shape[-1] ** 0.5, dim=-1)\n",
    "        attn_weights = self.dropout(attn_weights)\n",
    "        print(attn_weights.shape)\n",
    "        context_vec = attn_weights @ values\n",
    "        return context_vec"
   ]
  },
  {
   "cell_type": "code",
   "execution_count": 192,
   "id": "e1abd3a2-42ff-4d21-9f69-5662cda9adf0",
   "metadata": {},
   "outputs": [
    {
     "name": "stdout",
     "output_type": "stream",
     "text": [
      "torch.Size([2, 6, 6])\n",
      "torch.Size([2, 6, 2])\n"
     ]
    }
   ],
   "source": [
    "ca = CausalAttention(3,2,6,0.1)\n",
    "print(ca(batch).shape)"
   ]
  },
  {
   "cell_type": "code",
   "execution_count": 193,
   "id": "d1201c70-052c-4e60-9ea1-e417bdc85a52",
   "metadata": {},
   "outputs": [],
   "source": [
    "class MultiHeadAttentionWrapper(nn.Module):\n",
    "    def __init__(self, d_in, d_out, context_length, dropout, num_heads, qkv_bias=False):\n",
    "        super().__init__()\n",
    "        self.heads = nn.ModuleList(\n",
    "            [\n",
    "                CausalAttention(d_in, d_out, context_length, dropout, qkv_bias)\n",
    "                for _ in range(num_heads)\n",
    "            ]\n",
    "        )\n",
    "\n",
    "    def forward(self, x):\n",
    "        return torch.cat([head(x) for head in self.heads], dim=-1)"
   ]
  },
  {
   "cell_type": "code",
   "execution_count": 199,
   "id": "2b39c7f0-b1d8-46bf-9ed1-3018aa9f517a",
   "metadata": {},
   "outputs": [
    {
     "name": "stdout",
     "output_type": "stream",
     "text": [
      "torch.Size([2, 6, 6])\n",
      "torch.Size([2, 6, 6])\n",
      "tensor([[[-0.2277, -0.2667, -0.4231,  0.0987],\n",
      "         [-0.2292, -0.2648, -0.4211,  0.0975],\n",
      "         [-0.2291, -0.2648, -0.4212,  0.0975],\n",
      "         [-0.2338, -0.2621, -0.4209,  0.0970],\n",
      "         [-0.2299, -0.2645, -0.4233,  0.0982],\n",
      "         [-0.2289, -0.2649, -0.4215,  0.0976]],\n",
      "\n",
      "        [[-0.2277, -0.2667, -0.4231,  0.0987],\n",
      "         [-0.2292, -0.2648, -0.4211,  0.0975],\n",
      "         [-0.2291, -0.2648, -0.4212,  0.0975],\n",
      "         [-0.2338, -0.2621, -0.4209,  0.0970],\n",
      "         [-0.2299, -0.2645, -0.4233,  0.0982],\n",
      "         [-0.2289, -0.2649, -0.4215,  0.0976]]], grad_fn=<CatBackward0>)\n",
      "torch.Size([2, 6, 4])\n"
     ]
    }
   ],
   "source": [
    "mha = MultiHeadAttentionWrapper(\n",
    "    d_in, d_out, 6, 0.0, num_heads=2, qkv_bias=False\n",
    ")\n",
    "context_vecs = mha(batch)\n",
    "print(context_vecs)\n",
    "print(context_vecs.shape)"
   ]
  },
  {
   "cell_type": "code",
   "execution_count": null,
   "id": "95f762b2-da1a-46d0-853c-8a4988da6582",
   "metadata": {},
   "outputs": [],
   "source": []
  }
 ],
 "metadata": {
  "kernelspec": {
   "display_name": "Python 3 (ipykernel)",
   "language": "python",
   "name": "python3"
  },
  "language_info": {
   "codemirror_mode": {
    "name": "ipython",
    "version": 3
   },
   "file_extension": ".py",
   "mimetype": "text/x-python",
   "name": "python",
   "nbconvert_exporter": "python",
   "pygments_lexer": "ipython3",
   "version": "3.13.9"
  }
 },
 "nbformat": 4,
 "nbformat_minor": 5
}
